function input2=input_data2

%        Unit Size   Capacity Out  State Probability    Generator No.
input2= [   100           0            0.96;                %4
            NaN           50           0.03;
            NaN           75           0.007;
            NaN           100          0.003;
            150           0            0.96;                %5
            NaN           50           0.03;
            NaN           100          0.0035;
            NaN           100          0.0035;
            NaN           150          0.003 
            200           0            0.96;                %6
            NaN           50           0.03;
            NaN           150          0.007;
            NaN           200          0.003];
end
    