function [peakloaddata] = Peakloadinput()
%           | MONTH  |PEAK LOAD(MW)|   
peakloaddata = [1          120      
                2          110     
                3          140     
                4          150    
                5          100     
                6          120     
                7          130     
                8          115     
                9          101    
                10         115     
                11         120   
                12         116];
             
end